0 1
43
0 1
2 3
4 4
5 5
6 6
7 7
8 9
10 13
11 12
12 14
13 15
14 16
15 17
16 18
17 19
18 21
19 20
22 22
23 23
24 24
25 25
28 26
29 27
30 28
31 29
32 30
33 31
34 32
35 33
36 34
37 35
38 36
39 37
40 39
41 38
42 41
43 40
44 43
45 42
46 44
47 45
48 47
49 46
0 2
44
0 1
2 3
4 6
5 7
6 8
7 9
8 10
9 11
10 15
11 14
14 16
15 17
16 18
17 19
18 21
19 20
20 22
21 23
22 24
23 25
24 26
25 27
26 28
27 29
28 30
29 31
30 32
31 33
32 36
33 37
34 38
35 39
36 40
37 41
38 42
39 43
40 45
41 44
44 47
45 46
46 48
47 49
48 51
49 50
0 3
38
0 1
2 3
4 6
5 7
10 9
11 8
12 10
13 11
14 12
15 13
16 14
17 15
18 17
19 16
22 18
23 19
24 20
25 21
28 22
29 23
30 24
31 25
32 28
33 29
34 30
35 31
36 32
37 33
38 34
39 35
40 37
41 36
42 39
43 38
44 41
45 40
48 43
49 42
1 2
44
0 0
1 1
2 2
3 3
4 6
5 7
6 8
7 9
8 11
9 10
10 12
11 13
12 14
13 15
16 16
17 17
18 18
19 19
20 20
21 21
22 24
23 25
24 26
25 27
26 30
27 31
28 32
29 33
30 36
31 37
32 38
33 39
34 40
35 41
36 42
37 43
38 44
39 45
42 46
43 47
44 48
45 49
46 50
47 51
1 3
40
0 0
1 1
2 2
3 3
4 6
5 7
12 8
13 9
14 10
15 11
16 12
17 13
18 14
19 15
20 16
21 17
22 18
23 19
24 20
25 21
26 22
27 23
28 24
29 25
30 28
31 29
32 30
33 31
34 32
35 33
36 34
37 35
38 36
39 37
40 38
41 39
42 40
43 41
46 42
47 43
2 3
40
0 0
1 1
2 2
3 3
4 4
5 5
6 6
7 7
14 8
15 9
16 12
17 13
18 14
19 15
20 16
21 17
24 18
25 19
26 20
27 21
30 22
31 23
32 24
33 25
34 26
35 27
36 28
37 29
38 30
39 31
40 32
41 33
42 34
43 35
44 36
45 37
46 40
47 41
50 42
51 43
